-- Cas d'usage :  La recommandation de traitement médical à l’aide de bases de données vectorielles
(outil d'aide à la décision)

-- Objectif :
Faciliter la prise de décision médicale en recommandant automatiquement des traitements adaptés à partir de cas médicaux similaires déjà traités,
en s’appuyant sur l’intelligence artificielle et les bases vectorielles

-- Contexte typique:
Un hôpital ou un centre de santé rural numérise les dossiers patients sous forme de texte (PDF, Word, fichiers numériques).

Ces dossiers contiennent :

Description des symptômes

Historique médical

Résultat d’analyse

Traitement prescrit

Résultat du traitement (succès/échec)

-- Recommandation automatique
Quand un nouveau cas arrive :

Vectoriser le texte

Chercher dans Oracle les cas sémantiquement similaires

Extraire les traitements utilisés et les résultats pour recommander

--  Objectifs médicaux :
Aider le médecin à ne pas passer à côté d’un traitement pertinent

Éviter les erreurs liées à des oublis ou à un manque de documentation

Utiliser l’expérience collective (historique de cas) comme intelligence médicale



-- Table de donnees

CREATE TABLE patient_cases (
  id NUMBER PRIMARY KEY,
  description CLOB,
  vector VECTOR(768), 
  traitement_prescrit VARCHAR2(500),
  outcome VARCHAR2(100) -- succès, échec, partiel...
);

-- Interogation

DEFINE nouveau_vector_desc = [0.2081544,0.8597173,-0.20857681,0.2358431,0.4392844,-0.0024792652,-0.24189854,0.4275054,-0.5536452,0.19641747,0.17786567,0.57552177,-1.2366608,0.07206238,0.79996735,0.36373934,-0.61505485,-0.11955839,0.22235256,-0.2220745,0.13118742,0.51932913,-0.5048847,0.6204514,0.67964697,-0.48790434,0.64577985,0.38674966,0.1105755,0.777553,-0.8211743,0.13901652,-0.56696206,1.4416233,-0.71788687,0.12950315,-0.05844048,-0.4809432,-0.1197731,-0.59810394,0.045645703,-0.44355488,-1.065045,-0.20206212,0.54805714,-0.5024987,-0.08166451,-0.93897957,-0.93221885,-0.45992586,-0.11433187,-0.36693057,0.24028915,-0.16145931,0.20341623,-0.23346837,-0.5646611,0.58663553,-0.47825667,-0.08671248,-0.34194884,-0.4388733,0.7660752,-0.09910875,0.41228494,1.0854925,0.1395589,-0.67909867,0.4175506,-0.68048066,0.32515606,0.8704007,0.42451072,-0.32256842,0.42741862,0.97360486,0.43754125,-0.6916148,-0.2627537,1.1252421,0.36237934,-0.044198383,-0.29988468,0.64155084,0.50679916,0.09724685,0.19304897,0.35111353,-0.46407965,-0.22356856,-0.483542,-0.86563367,0.17565918,-0.09382773,0.9970202,-0.1138073,0.2552917,-0.88189846,-0.15916026,-0.32126305,-0.8057251,0.36204264,0.5476226,-0.0014612377,-0.8822916,0.30953208,-0.20298912,-0.05821689,-0.34154153,-0.32156727,-0.7248829,0.35546103,-0.21274133,-0.7092633,-0.5269257,-0.68387127,0.12733667,0.11940841,0.22178273,-0.64889824,-0.17716049,0.19672535,0.40246165,-1.1026922,-0.11877042,-0.03625836,-0.23661143,0.10900249,-0.104529954,-0.41446325,0.78316635,-0.54195505,0.9223509,0.48582685,-0.2914981,0.22867256,-1.0774937,0.16306925,-0.1361463,0.070626415,0.23762362,-0.6056225,-0.11996034,-0.26674783,0.83628494,0.3251145,-0.21209364,0.09902346,-0.50748056,0.55378217,-0.15702964,0.0748188,0.49162412,-0.44067982,0.59586686,-0.4192586,0.67195016,-0.739433,0.175967,0.6891704,0.36502704,0.17274785,-0.17518361,0.2574753,-0.94047755,0.06539238,-0.308301,-0.19702844,-0.51991814,-0.008774768,0.53354096,-0.13727884,-0.7815611,-0.4515268,0.41186318,0.044556946,0.0296741,-1.0530592,0.019192072,-0.16052641,-0.5712306,0.44615003,-0.69431835,-0.21168339,-0.9608087,1.0053993,0.15292376,-0.38708937,-0.5090527,-0.17525333,0.7041089,-0.4358634,-0.41487303,-0.5012483,-0.48072863,-0.463027,0.061580405,-0.3536068,-0.6894086,-0.18462604,0.34298277,-0.16226977,1.0530623,-0.2920147,-0.85464865,-0.481424,-0.15439804,-0.2536545,-0.85455346,-0.60634285,-0.4394913,0.008542796,0.37996265,0.39307228,0.69465685,-0.844223,0.7415958,0.5482397,0.3366506,0.824287,0.21212046,-0.40006757,0.052415896,0.28627387,-0.16084391,-0.55807114,-0.37528202,0.40211305,0.43373823,0.22672774,-0.44438314,0.7856848,-0.7024471,0.19071186,0.6610985,0.40227577,-0.17300828,0.085006356,-0.37575102,-0.78574187,-0.16988175,0.11240869,0.12875824,-0.1801334,0.6928738,-0.25020072,-0.21168293,-0.52461225,-0.31885147,-0.47527048,-0.15881187,0.15580694,0.2759097,0.010258406,0.6800313,-0.58295393,-0.7807274,0.8932002,-0.04820916,0.37530187,0.3095102,-0.37104663,0.41467854,0.9082156,0.37364718,-0.6382534,-0.4304618,0.014643639,-0.60279405,0.14474738,-0.036079798,-0.39106837,0.7370265,-0.5130338,-0.2934929,0.6042184,-0.22422166,-0.575206,-0.42927882,-0.9306345,1.0485555,1.283901,-0.2811941,-0.6913545,-0.4881873,0.1427163,-0.17699254,-0.63640815,-0.20399062,-0.43402305,-0.16842002,1.0798593,-1.0898694,-0.3104234,-1.3726956,-1.5971223,-0.5811149,0.5419072,-0.032944042,0.18231817,-0.37274575,0.25879017,0.59552526,0.16744709,-0.08917525,-0.71582454,-0.2028724,0.2774097,-0.3362695,-0.08252615,0.39458576,-0.30696818,-0.57542336,0.1446268,-0.10862792,-0.6002127,0.026343502,0.12916535,-0.12141501,0.04325317,0.9767869,-0.34742483,0.6129138,0.6670422,-0.4734421,0.13336585,0.0075545013,-0.4069843,-0.1563467,0.41159785,-0.47592673,-0.031847954,0.14324428,-0.25452858,0.60855895,0.3987552,-0.22937989,-0.17949021,0.7980051,0.34332526,0.97398686,0.73252136,-0.30974737,-0.501026,0.8029542,0.20122658,-0.35650405,-0.43325153,-0.037480243,-0.14905548,-0.23695624,-0.037335236,-0.09796667,0.72802037,-0.22638135,0.7064155,0.27797142,-0.2985576,-0.9170894,0.21293867,-0.047598463,-0.63010305,-0.83464146,-0.32227734,1.3115144,-0.31470573,-0.5220728,-0.025330747,-0.17591517,0.45784068,0.6441308,-1.1812297,0.28246415,0.072063364,0.029559324,-0.19534008,-0.19720842,-0.23484914,-0.27878627,-0.102553524,0.48843047,-0.06317064,-0.3884519,-0.42056414,-0.2882053,-0.42374054,-0.5750517,-0.36576822,-0.30640566,-0.11169034,0.8744557,0.043377522,-0.37850556,0.020780573,0.08219703,0.56436944,-1.4120985,0.39980745,0.25922322,-0.15680335,-0.08769681,-0.51378226,-0.38168833,-0.007255184,-1.059688,-0.33880636,-0.24368669,0.5435162,-0.89542395,0.2404886,-0.2563868,-0.050623704,-0.70836574,1.4750806,-0.64004636,-0.27769324,-0.2627446,0.11888623,0.59815603,-0.41763726,0.11283749,-0.008190066,0.09014434,-0.5892162,0.027053853,-0.25425464,0.16020016,-0.43904522,0.08767011,0.6393847,-0.09430494,0.13098095,0.5801492,-0.60828716,-0.89419097,0.104870535,0.33546087,0.74918795,-0.70632476,-0.69851065,0.6769163,0.13078797,-0.1723097,-0.12370781,-0.11176071,-0.19829015,0.23906155,0.45700154,-0.24107687,-0.12817226,0.0012658784,-0.3599057,-0.5004595,-0.167138,-0.76654434,-0.124572,0.36355743,0.13595235,0.052712906,0.02216228,0.46733543,-0.9001563,0.08106696,0.50495106,0.56285757,-0.33153823,0.48557338,-0.121999286,0.20883988,0.9400247,-0.38212147,-0.5759435,-0.34146717,-0.2443464,0.16755374,0.03400132,-0.37990436,0.24141045,0.10713557,-0.27985898,-0.3709843,-0.23109223,-0.07216793,-0.41937855,-0.20849256,0.34576872,-0.21820569,0.32129762,0.059225183,-0.60052174,0.30249885,-0.107870065,0.18675737,0.31184754,0.07857934,-0.2325818,0.07369659,-0.6047206,-0.7611415,-0.578293,-0.06158948,0.023037465,0.4781575,0.17791094,-0.31239533,-1.1441321,-0.4782101,-0.4771669,-0.96948034,-0.18660307,-0.08754309,-0.34542128,0.6796231,0.8221038,-0.459015,0.42414156,-0.46834743,-0.22827525,-0.10045383,0.04952717,-0.13710211,0.2296689,-0.191433,-0.00013421972,-0.056262642,-0.9101555,0.18417574,0.26046935,0.15844439,-0.3586328,0.90466195,-0.000255843,1.1862558,0.5154779,0.78927904,-0.016324347,0.15346797,0.3854839,0.57702285,0.57608354,-0.47843304,-0.8097873,-0.107343666,0.6201298,0.1655099,-1.1011158,0.21713173,0.100674905,0.10319338,0.84218335,0.36992392,0.21421008,-0.21927892,0.36232662,0.088577054,0.73137075,-0.11112285,-0.6654489,0.1924098,-0.6250246,0.43026605,-0.054327216,0.31622168,-1.0245624,-0.27693158,-0.16892259,-0.16005497,-0.26569292,-0.62165844,0.8511948,0.6418522,0.48090187,0.022114968,-0.06894223,0.44918427,0.24562596,0.68046135,0.7301259,0.47920153,-0.14813812,0.2989231,0.3056477,0.91403365,-0.061353136,-0.45091748,-0.8352162,0.0024559975,0.3739495,0.22917564,-0.13912334,0.56587666,0.41644296,-0.1808242,-0.5935821,-0.17383997,0.15951823,-0.21116559,0.8783102,-1.1091427,0.16951299,-0.23393242,-0.26148614,0.27290675,0.28124538,-0.20488493,-0.38863528,0.39353928,-0.5131826,0.84608245,0.3840938,-0.029649973,-0.32974422,-1.5610739,0.31898144,-0.47366467,0.010938257,0.80521655,-0.26278636,-0.10659719,0.95363146,0.2383753,-0.58526653,0.28399792,0.53932077,0.40101644,0.2646006,0.8582151,-0.1490081,-0.8602291,0.22290476,-0.71923035,-0.19043458,-0.13986127,0.21926726,-0.07613933,0.26786456,0.2744432,0.7325256,0.09601762,0.1333325,-0.04468106,-0.30483463,-0.2192337,-0.171978,-0.035828684,0.38925084,-0.5420268,0.685858,0.022181034,-0.33065382,-0.042372834,0.43173003,-0.22119129,-0.011570171,0.16216145,-0.8686612,-0.29999483,-0.427452,0.20381325,0.3252839,0.7232504,-0.4115224,-0.8215099,-0.2525293,-0.4635444,-0.34944287,-0.3100771,-0.5909354,0.28083596,0.34791028,-0.11871994,-0.12426757,0.10742223,0.49325824,0.27535853,0.25205365,-0.16868384,-0.012960553,0.43747267,-0.5061555,-0.26872995,-0.58937985,1.1252929,-0.56075627,-0.5711164,-0.13489152,0.8200724,-0.5280978,-0.72639585,0.11636135,0.50768507,0.42878106,0.0478494,0.0729588,-0.08721491,0.3927122,-0.5373254,0.21678917,0.23376028,-0.65216964,-0.21517749,0.67771703,0.30775404,0.37816358,0.087893635,-0.0025304097,0.16737752,0.05630523,0.67442226,0.027428662,0.46992514,-0.36693993,0.103114344,0.44345298,1.0972728,0.4239869,-0.24860255,0.38527203,0.10091572,-0.67458445,-0.31167927,-0.30138513,0.613944,-0.19053237,0.19868411,0.2246672,0.62596506,-0.27276728,1.4268613,0.22727577,0.1810224,0.7233359,-0.38992354,-0.0079501765,-0.115508355,0.83336693,0.010740618,0.32747817,0.40076342,-0.027656907,-0.29118946,0.7136745,-0.111851424,0.5247731,0.58644897,0.2539337,-0.3206667,0.89739245,0.20633364,0.07571722,0.75280505,-0.65400416,0.12522604,-0.2664205,-0.22712152,0.19257219,-0.16852236,-0.54317176,-0.32526198,-0.41652822,-0.63307714,1.2836517,-0.59363276,-0.13910516,1.2616053,0.1716928,0.42209005,-0.26343575]
 '50-year-old patient with exertional chest pain, known hypercholesterolemia.'

SELECT
  np.description AS new_patient_description,
  p.description AS similar_patient_cases,
  p.traitement_prescrit as patient_case_treatment,
  p.outcome,
  ROUND(VECTOR_DISTANCE(p.vector, np.vector, COSINE), 2) AS score
FROM patient_cases p
CROSS JOIN new_patient np
WHERE np.id = 3
ORDER BY VECTOR_DISTANCE(p.vector, np.vector, COSINE) ASC
FETCH FIRST 5 ROWS ONLY;


medical image data and description
https://www.kaggle.com/datasets/harshitstark/diabetic-retinopathy-diagnosis-dataset?resource=download-directory

health care medical table data and description for post grace db
https://www.kaggle.com/datasets/prasad22/healthcare-dataset

health care analyses with
https://www.kaggle.com/code/muhammadfurqan0/unlocking-healthcare-trends-data-analysis